metadata:
  device_id: ciscoNexus9336-FX2
  connected_PSUs: 2
QSFP28:
  LR:
    100G:
      P_BASE: 285.31
      P_PORT: 1.9034181818181737
      P_TRX: 2.7283818181818216
      P_TRX_IN: 2.7909999999999995
      P_TRX_UP: -0.06261818181817769
      E_BIT: 8.971896972956308e-12
      E_PKT: 2.476598045389453e-08
      P_OFFSET: -0.4272980225045515
  Passive DAC:
    100G:
      P_BASE: 285.31
      P_PORT: 1.129666666666669
      P_TRX: 0.06983333333333164
      P_TRX_IN: 0.08749999999999858
      P_TRX_UP: -0.01766666666666694
      E_BIT: 8.594514375463417e-12
      E_PKT: 2.6317416412051344e-08
      P_OFFSET: 0.06650657724692621
