metadata:
  device_id: N540X-8Z16G-SYS-A
  connected_PSUs: 2
SFP:
  T:
    1G:
      P_BASE: 33.19
      P_PORT: -0.004560439560441054
      P_TRX: 3.4162156593406525
      P_TRX_IN: 3.4126373626373656
      P_TRX_UP: 0.0035782967032869095
      E_BIT: 3.7071716284127153e-11
      E_PKT: -4.875630221241776e-08
      P_OFFSET: 0.006637303921575466
